{
  "camera_angle_x": 0.6211880213168637,
  "camera_angle_y": 1.048437938687448,
  "fl_x": 722.7806304204165,
  "fl_y": 733.3388223731457,
  "k1": 0.1169796208025023,
  "k2": -0.2799955946322151,
  "k3": 0,
  "k4": 0,
  "p1": 0.004775412385138153,
  "p2": 0.0005418336676308885,
  "is_fisheye": false,
  "cx": 228.31205041905275,
  "cy": 428.3645866165114,
  "w": 464.0,
  "h": 848.0,
  "aabb_scale": 16,
  "frames": [

    {
      "file_path": "./images/0002.jpg",
      "sharpness": 29.95418225374576,
      "transform_matrix": [
        [
          0.026304008379884863,
          -0.597982179449663,
          0.8010776568323318,
          3.683186922821251
        ],
        [
          0.9995255429889937,
          0.002886907536511729,
          -0.030665203048910454,
          -0.4935655240246195
        ],
        [
          0.016024607827613505,
          0.8015041976796566,
          0.5977743998521987,
          1.983016240035951
        ],
        [
          0.0,
          0.0,
          0.0,
          1.0
        ]
      ]
    },

    {
      "file_path": "./images/0003.jpg",
      "sharpness": 28.594090540439602,
      "transform_matrix": [
        [
          0.025365471258394605,
          -0.5978868864049893,
          0.801179046159461,
          3.6834798033470326
        ],
        [
          0.9995405364936435,
          0.0018664071911822819,
          -0.030252808643070974,
          -0.4862298867227222
        ],
        [
          0.016592431231435105,
          0.8015783103738149,
          0.5976595214977214,
          1.9815888449436845
        ],
        [
          0.0,
          0.0,
          0.0,
          1.0
        ]
      ]
    },
    {
      "file_path": "./images/0001.jpg",
      "sharpness": 30.147730835484953,
      "transform_matrix": [
        [
          0.02737794303995181,
          -0.597733789064873,
          0.8012270375600464,
          3.681712268193917
        ],
        [
          0.9994994091215338,
          0.0036558562126505012,
          -0.03142556096007215,
          -0.5063454238210781
        ],
        [
          0.01585494878314564,
          0.8016863178314267,
          0.5975346588054683,
          1.984851297803203
        ],
        [
          0.0,
          0.0,
          0.0,
          1.0
        ]
      ]
    },
    {
      "file_path": "./images/0007.jpg",
      "sharpness": 29.82724982847162,
      "transform_matrix": [
        [
          0.019766608656284622,
          -0.5978857615480617,
          0.8013375676907459,
          3.679789769787962
        ],
        [
          0.9996152307336494,
          -0.003781469561102039,
          -0.027478918717251898,
          -0.42901139647508885
        ],
        [
          0.019459487864171527,
          0.8015724026553082,
          0.5975809666532694,
          1.975572943717879
        ],
        [
          0.0,
          0.0,
          0.0,
          1.0
        ]
      ]
    },
    {
      "file_path": "./images/0006.jpg",
      "sharpness": 31.12000047493101,
      "transform_matrix": [
        [
          0.021113977853354192,
          -0.597766392144705,
          0.8013922512937769,
          3.6833532221389267
        ],
        [
          0.9996036513582783,
          -0.002307497332752472,
          -0.028057363522874114,
          -0.43784675828183184
        ],
        [
          0.018620959448509777,
          0.801667023115536,
          0.5974807477995311,
          1.9759162293086716
        ],
        [
          0.0,
          0.0,
          0.0,
          1.0
        ]
      ]
    },
    {
      "file_path": "./images/0011.jpg",
      "sharpness": 29.501762645584627,
      "transform_matrix": [
        [
          0.010575442394164875,
          -0.5980330099040384,
          0.8014016965014993,
          3.672272640243971
        ],
        [
          0.9996694249652774,
          -0.012459896402293412,
          -0.02248981484658098,
          -0.37154022576258455
        ],
        [
          0.023435033779916205,
          0.8013746128492171,
          0.5977035462043845,
          1.9778115279145325
        ],
        [
          0.0,
          0.0,
          0.0,
          1.0
        ]
      ]
    },
    {
      "file_path": "./images/0009.jpg",
      "sharpness": 32.23905815520689,
      "transform_matrix": [
        [
          0.01569924497965453,
          -0.5980162726222424,
          0.8013301887850388,
          3.676935396809397
        ],
        [
          0.9996505484295024,
          -0.007659208375805217,
          -0.025300544504989128,
          -0.40555719779411775
        ],
        [
          0.02126769221391469,
          0.8014473621383832,
          0.5976870511079495,
          1.976376149987964
        ],
        [
          0.0,
          0.0,
          0.0,
          1.0
        ]
      ]
    },

    {
      "file_path": "./images/0014.jpg",
      "sharpness": 27.977217454368482,
      "transform_matrix": [
        [
          -0.0013864886767047102,
          -0.5978896433050023,
          0.8015772278139917,
          3.652941040485147
        ],
        [
          0.9995881201252486,
          -0.023805680450428565,
          -0.016027466529736533,
          -0.2834450969527896
        ],
        [
          0.02866474758822729,
          0.8012248523849361,
          0.5976763908999884,
          1.9896574861211254
        ],
        [
          0.0,
          0.0,
          0.0,
          1.0
        ]
      ]
    },
    {
      "file_path": "./images/0013.jpg",
      "sharpness": 29.545761244020266,
      "transform_matrix": [
        [
          0.003819336455959895,
          -0.5980258582178116,
          0.8014677071748326,
          3.6634301432656082
        ],
        [
          0.9996428901959349,
          -0.01891436943935567,
          -0.018876935927944878,
          -0.3209599975990026
        ],
        [
          0.026448152116049988,
          0.8012535925685255,
          0.5977400569800162,
          1.9825483686624907
        ],
        [
          0.0,
          0.0,
          0.0,
          1.0
        ]
      ]
    },
    {
      "file_path": "./images/0017.jpg",
      "sharpness": 27.433215038291824,
      "transform_matrix": [
        [
          -0.013101626465961164,
          -0.5980634192313858,
          0.801341683698912,
          3.6207811135335217
        ],
        [
          0.9993579042846232,
          -0.03456009675426979,
          -0.009454039177999453,
          -0.22195974973633753
        ],
        [
          0.03334856111820568,
          0.8007032823473516,
          0.5981321987506758,
          2.011237845663389
        ],
        [
          0.0,
          0.0,
          0.0,
          1.0
        ]
      ]
    },
    {
      "file_path": "./images/0019.jpg",
      "sharpness": 23.77967424895005,
      "transform_matrix": [
        [
          -0.02531086676694024,
          -0.5973024127753476,
          0.8016166089774162,
          3.5666978567571332
        ],
        [
          0.998993730995566,
          -0.04481196910690165,
          -0.0018473919234144045,
          -0.16239131474714585
        ],
        [
          0.03702547037027234,
          0.8007632079395227,
          0.5978355956507273,
          2.031247302939924
        ],
        [
          0.0,
          0.0,
          0.0,
          1.0
        ]
      ]
    },
    {
      "file_path": "./images/0018.jpg",
      "sharpness": 26.535186716971022,
      "transform_matrix": [
        [
          -0.020315491306085315,
          -0.5978361324548507,
          0.8013608672855295,
          3.584972799902428
        ],
        [
          0.9991519122159286,
          -0.040852890908226955,
          -0.005147583927621055,
          -0.18507276466251
        ],
        [
          0.03581531975611359,
          0.8005766672268227,
          0.5981590614841137,
          2.0242028903605203
        ],
        [
          0.0,
          0.0,
          0.0,
          1.0
        ]
      ]
    },
    {
      "file_path": "./images/0022.jpg",
      "sharpness": 23.502124637383165,
      "transform_matrix": [
        [
          -0.048108936921296856,
          -0.5966888430380561,
          0.8010293096100828,
          3.4412486436908836
        ],
        [
          0.9978164266117322,
          -0.06504356829759193,
          0.011476628751880906,
          -0.08460604966663035
        ],
        [
          0.04525382827605923,
          0.7998323317350889,
          0.5985151060836866,
          2.078733423567383
        ],
        [
          0.0,
          0.0,
          0.0,
          1.0
        ]
      ]
    },

    {
      "file_path": "./images/0023.jpg",
      "sharpness": 25.29337022940039,
      "transform_matrix": [
        [
          -0.05398788679573201,
          -0.596103160035402,
          0.801090713182556,
          3.4204996527988767
        ],
        [
          0.9974166959191564,
          -0.07026288444139231,
          0.014935252668998748,
          -0.06764342420902962
        ],
        [
          0.04738399289550116,
          0.7998275750044251,
          0.5983565889606423,
          2.087997931390609
        ],
        [
          0.0,
          0.0,
          0.0,
          1.0
        ]
      ]
    },
    {
      "file_path": "./images/0027.jpg",
      "sharpness": 26.41824068490241,
      "transform_matrix": [
        [
          -0.09578587792738484,
          -0.593358990951074,
          0.7992184767129702,
          3.2951421678957473
        ],
        [
          0.9935491754427206,
          -0.10595751740936497,
          0.0404108955868614,
          0.044925830112574776
        ],
        [
          0.060705037431351395,
          0.7979336516483779,
          0.5996805700290266,
          2.1324208821666684
        ],
        [
          0.0,
          0.0,
          0.0,
          1.0
        ]
      ]
    },
    {
      "file_path": "./images/0026.jpg",
      "sharpness": 24.705569880524997,
      "transform_matrix": [
        [
          -0.08798472363627458,
          -0.5939049714109017,
          0.7997096807043552,
          3.3129339740470343
        ],
        [
          0.9944020346223253,
          -0.09952254987424056,
          0.035494444721767715,
          0.0234730577929383
        ],
        [
          0.058508819405084865,
          0.7983559025090488,
          0.5993367759895771,
          2.1248647242975993
        ],
        [
          0.0,
          0.0,
          0.0,
          1.0
        ]
      ]
    },
    {
      "file_path": "./images/0029.jpg",
      "sharpness": 24.05798624400905,
      "transform_matrix": [
        [
          -0.12127157580214663,
          -0.5904453459066606,
          0.7979144681429364,
          3.2459056337174155
        ],
        [
          0.9902821495288362,
          -0.12709716243378072,
          0.05645861870810185,
          0.12439992167311334
        ],
        [
          0.06807693611330912,
          0.7970072803110894,
          0.600120759492071,
          2.1535652243226804
        ],
        [
          0.0,
          0.0,
          0.0,
          1.0
        ]
      ]
    },
    {
      "file_path": "./images/0031.jpg",
      "sharpness": 28.030619712797932,
      "transform_matrix": [
        [
          -0.15146310914375513,
          -0.5866800517170355,
          0.7955284052489895,
          3.1911837731574453
        ],
        [
          0.9856380270656635,
          -0.15044291442693936,
          0.07671120584003921,
          0.22822890524744793
        ],
        [
          0.0746766775855629,
          0.7957219655670065,
          0.6010407202609125,
          2.173319780326004
        ],
        [
          0.0,
          0.0,
          0.0,
          1.0
        ]
      ]
    },
    {
      "file_path": "./images/0033.jpg",
      "sharpness": 26.24264993963748,
      "transform_matrix": [
        [
          -0.1858932064323335,
          -0.5811041164268853,
          0.7923141559673359,
          3.122847773651825
        ],
        [
          0.9790836202296129,
          -0.17741764306728047,
          0.09959038370808816,
          0.3420826478995167
        ],
        [
          0.0826981281912633,
          0.7942549879409924,
          0.6019302565890094,
          2.184225296133538
        ],
        [
          0.0,
          0.0,
          0.0,
          1.0
        ]
      ]
    },
    {
      "file_path": "./images/0034.jpg",
      "sharpness": 25.938229387071043,
      "transform_matrix": [
        [
          -0.2100438451043814,
          -0.5766619915124077,
          0.7895204435294298,
          3.078255532826334
        ],
        [
          0.9736531285478773,
          -0.19670164419350275,
          0.11536051508684081,
          0.4180641395911444
        ],
        [
          0.08877594499474763,
          0.7929498160569992,
          0.6027847218354625,
          2.1992068629285377
        ],
        [
          0.0,
          0.0,
          0.0,
          1.0
        ]
      ]
    },
    {
      "file_path": "./images/0037.jpg",
      "sharpness": 27.654549750860266,
      "transform_matrix": [
        [
          -0.257132805594663,
          -0.5677973386387386,
          0.7819775588813146,
          3.020140516917142
        ],
        [
          0.9608837711537387,
          -0.23636938834195947,
          0.14433256939726274,
          0.5393840717199276
        ],
        [
          0.10288390850725809,
          0.7885021842432768,
          0.60636557198331,
          2.2559167072512345
        ],
        [
          0.0,
          0.0,
          0.0,
          1.0
        ]
      ]
    },
    {
      "file_path": "./images/0038.jpg",
      "sharpness": 28.335327442998526,
      "transform_matrix": [
        [
          -0.28341712962544674,
          -0.5596215105130056,
          0.778780133078786,
          3.0055749397550486
        ],
        [
          0.9525181282326025,
          -0.2585050110800828,
          0.16088621642435277,
          0.609622712381321
        ],
        [
          0.1112831794743613,
          0.7874001043202308,
          0.6063143819466611,
          2.2795554683157913
        ],
        [
          0.0,
          0.0,
          0.0,
          1.0
        ]
      ]
    },
    {
      "file_path": "./images/0041.jpg",
      "sharpness": 33.72448066761493,
      "transform_matrix": [
        [
          -0.3395352664303883,
          -0.5445715154205982,
          0.7669143808240629,
          2.9693248180403655
        ],
        [
          0.9319920538508478,
          -0.30479504664740725,
          0.19619070084660306,
          0.7595733620117492
        ],
        [
          0.12691183720637378,
          0.7813717707950855,
          0.6110249924956019,
          2.3384123442429354
        ],
        [
          0.0,
          0.0,
          0.0,
          1.0
        ]
      ]
    },
    {
      "file_path": "./images/0043.jpg",
      "sharpness": 29.37425533046727,
      "transform_matrix": [
        [
          -0.3838009507838845,
          -0.5282814475387008,
          0.7573741099588752,
          2.9628195296988356
        ],
        [
          0.9129044406306162,
          -0.34047264571297475,
          0.22513076155582795,
          0.8801832685394735
        ],
        [
          0.13893276241200483,
          0.7778155885359445,
          0.6129442045013941,
          2.382641383724992
        ],
        [
          0.0,
          0.0,
          0.0,
          1.0
        ]
      ]
    },
    {
      "file_path": "./images/0042.jpg",
      "sharpness": 33.25356564320602,
      "transform_matrix": [
        [
          -0.3679445610692637,
          -0.5334716417673608,
          0.7615935973219448,
          2.9732097109174584
        ],
        [
          0.9200073715601966,
          -0.3277060136389269,
          0.21493069790139263,
          0.8407415789406965
        ],
        [
          0.13491936951564412,
          0.7797543049688758,
          0.6113754882924255,
          2.3670888359143896
        ],
        [
          0.0,
          0.0,
          0.0,
          1.0
        ]
      ]
    },
    {
      "file_path": "./images/0046.jpg",
      "sharpness": 33.022288741045955,
      "transform_matrix": [
        [
          -0.46146572585843537,
          -0.4961040300050642,
          0.7354795546736013,
          2.8760845607094296
        ],
        [
          0.8727558967064959,
          -0.4026393906560247,
          0.2760048294084431,
          1.0502660374767134
        ],
        [
          0.15920593156335444,
          0.7692608871918538,
          0.6187819962350567,
          2.4416410596365274
        ],
        [
          0.0,
          0.0,
          0.0,
          1.0
        ]
      ]
    },
    {
      "file_path": "./images/0047.jpg",
      "sharpness": 29.564855918337337,
      "transform_matrix": [
        [
          -0.47721426776490145,
          -0.48863864456922923,
          0.7304100339859472,
          2.852736976728214
        ],
        [
          0.8636000466114444,
          -0.4146166988997184,
          0.28685876749161604,
          1.084149648698789
        ],
        [
          0.16266991780458154,
          0.7676752360761844,
          0.6198493605946692,
          2.4509041306641794
        ],
        [
          0.0,
          0.0,
          0.0,
          1.0
        ]
      ]
    },
    {
      "file_path": "./images/0051.jpg",
      "sharpness": 24.698338480965436,
      "transform_matrix": [
        [
          -0.5745182663212995,
          -0.4344833052949716,
          0.6936519438128332,
          2.6472625630623066
        ],
        [
          0.7962167602320561,
          -0.4930412780864069,
          0.35064108263163973,
          1.2630509785331088
        ],
        [
          0.18965134437059786,
          0.7537470103258757,
          0.6292041100279179,
          2.5340772801357843
        ],
        [
          0.0,
          0.0,
          0.0,
          1.0
        ]
      ]
    },
    {
      "file_path": "./images/0049.jpg",
      "sharpness": 31.498716517831497,
      "transform_matrix": [
        [
          -0.5261626175650252,
          -0.46281107840482566,
          0.7134134885570081,
          2.7623739574216355
        ],
        [
          0.831860581280686,
          -0.4542670186000464,
          0.3188251074244033,
          1.174764247529756
        ],
        [
          0.17652442668622795,
          0.7612144123523893,
          0.6240126162850398,
          2.481301462262151
        ],
        [
          0.0,
          0.0,
          0.0,
          1.0
        ]
      ]
    },
    {
      "file_path": "./images/0053.jpg",
      "sharpness": 26.93746541629265,
      "transform_matrix": [
        [
          -0.6230723068809971,
          -0.4020059521070871,
          0.6709486678879869,
          2.5097249605372367
        ],
        [
          0.7554106589654205,
          -0.53171915579974,
          0.38292228412256074,
          1.3557325448624316
        ],
        [
          0.2028192218626499,
          0.7454300462656198,
          0.6349790622061962,
          2.5884482793629693
        ],
        [
          0.0,
          0.0,
          0.0,
          1.0
        ]
      ]
    },
    {
      "file_path": "./images/0055.jpg",
      "sharpness": 26.394988659977756,
      "transform_matrix": [
        [
          -0.6706957018947899,
          -0.3661905067983295,
          0.6450362689514713,
          2.364688820491873
        ],
        [
          0.7096800119369797,
          -0.5696922976676153,
          0.4144936267735843,
          1.4851989731050466
        ],
        [
          0.215688562885013,
          0.7357684409890913,
          0.641968258684084,
          2.629569344920858
        ],
        [
          0.0,
          0.0,
          0.0,
          1.0
        ]
      ]
    },
    {
      "file_path": "./images/0057.jpg",
      "sharpness": 34.16694199048269,
      "transform_matrix": [
        [
          -0.7167991831809744,
          -0.32643711819936383,
          0.616147497702441,
          2.213426208522167
        ],
        [
          0.659037774041238,
          -0.6057873313401403,
          0.44574759850745055,
          1.6383865051993414
        ],
        [
          0.22774578684400784,
          0.725575989881917,
          0.64936225602854,
          2.648188636476756
        ],
        [
          0.0,
          0.0,
          0.0,
          1.0
        ]
      ]
    },
    {
      "file_path": "./images/0059.jpg",
      "sharpness": 31.20293415359767,
      "transform_matrix": [
        [
          -0.7602760141141979,
          -0.284540216501798,
          0.5839668206567349,
          2.048961411988896
        ],
        [
          0.6045122004240571,
          -0.6389791004393781,
          0.47567920780789386,
          1.8040688882078466
        ],
        [
          0.23779272897462247,
          0.7146625598390284,
          0.6578085159709657,
          2.6571820353352233
        ],
        [
          0.0,
          0.0,
          0.0,
          1.0
        ]
      ]
    },
    {
      "file_path": "./images/0061.jpg",
      "sharpness": 37.78368215308495,
      "transform_matrix": [
        [
          -0.8007229395601467,
          -0.23804009990539746,
          0.54970872739241,
          1.878830303880842
        ],
        [
          0.5450095959684467,
          -0.6703342734318242,
          0.5036035168319783,
          1.9664959725119202
        ],
        [
          0.2486107689163299,
          0.702843419786996,
          0.666486168583975,
          2.6694603659946328
        ],
        [
          0.0,
          0.0,
          0.0,
          1.0
        ]
      ]
    },
    {
      "file_path": "./images/0063.jpg",
      "sharpness": 38.36335402992746,
      "transform_matrix": [
        [
          -0.8373838800935498,
          -0.19063862619755417,
          0.5122940089764644,
          1.7170765434903528
        ],
        [
          0.48311859529302337,
          -0.6965458258352892,
          0.5304906553315794,
          2.1191272031084014
        ],
        [
          0.2557042438099299,
          0.6917230853086689,
          0.6753773115980748,
          2.68939100929664
        ],
        [
          0.0,
          0.0,
          0.0,
          1.0
        ]
      ]
    },
    {
      "file_path": "./images/0066.jpg",
      "sharpness": 26.097103298306205,
      "transform_matrix": [
        [
          -0.8902167897842886,
          -0.10438252464129572,
          0.44341668417850716,
          1.445769707410156
        ],
        [
          0.3698119718336229,
          -0.7339769753957043,
          0.5696638527044697,
          2.3605974795777516
        ],
        [
          0.26599468555115313,
          0.6711051245307033,
          0.692000534074915,
          2.76722381294149
        ],
        [
          0.0,
          0.0,
          0.0,
          1.0
        ]
      ]
    },
    {
      "file_path": "./images/0067.jpg",
      "sharpness": 31.501383431480818,
      "transform_matrix": [
        [
          -0.8992837415621663,
          -0.08703850362601526,
          0.42861760477223976,
          1.3892751521362223
        ],
        [
          0.34655173536648015,
          -0.7396531856165629,
          0.5769012564749266,
          2.4080398444243345
        ],
        [
          0.2668157546775824,
          0.6673360951771309,
          0.6953214286949359,
          2.7846915865583575
        ],
        [
          0.0,
          0.0,
          0.0,
          1.0
        ]
      ]
    },
    {
      "file_path": "./images/0065.jpg",
      "sharpness": 32.01885519310946,
      "transform_matrix": [
        [
          -0.8706073015531383,
          -0.13986042191554593,
          0.47167996452697186,
          1.5564221241350797
        ],
        [
          0.416329338784095,
          -0.7202680734800202,
          0.5548727637878581,
          2.264724375995454
        ],
        [
          0.26213128049615164,
          0.6794504873358986,
          0.685298640825482,
          2.7347397441498007
        ],
        [
          0.0,
          0.0,
          0.0,
          1.0
        ]
      ]
    },
    {
      "file_path": "./images/0069.jpg",
      "sharpness": 36.939456872624305,
      "transform_matrix": [
        [
          -0.9232261515191059,
          -0.031617221741660005,
          0.38295407624512423,
          1.2065526877092312
        ],
        [
          0.2728325715983553,
          -0.7557241784918199,
          0.5953514541163818,
          2.5220237295826173
        ],
        [
          0.2705842957314227,
          0.6541263772112007,
          0.7063305328335134,
          2.836312856845224
        ],
        [
          0.0,
          0.0,
          0.0,
          1.0
        ]
      ]
    },
    {
      "file_path": "./images/0071.jpg",
      "sharpness": 37.25165952612428,
      "transform_matrix": [
        [
          -0.9421650307863164,
          0.02391174981974889,
          0.3342952034597181,
          1.0109944062408334
        ],
        [
          0.1975268979047692,
          -0.7661869844992835,
          0.6115068514649789,
          2.587306505126822
        ],
        [
          0.2707548327166688,
          0.6421726660603871,
          0.7171513700734723,
          2.9044704409618824
        ],
        [
          0.0,
          0.0,
          0.0,
          1.0
        ]
      ]
    },
    {
      "file_path": "./images/0073.jpg",
      "sharpness": 34.679125607736,
      "transform_matrix": [
        [
          -0.9551178344239516,
          0.08196186121653208,
          0.2846615108219244,
          0.8044797443946148
        ],
        [
          0.11978590483306031,
          -0.7720253713408026,
          0.6242020209916169,
          2.5876523424984343
        ],
        [
          0.27092666801432363,
          0.6302849191775172,
          0.7275573250877503,
          2.9613656719513695
        ],
        [
          0.0,
          0.0,
          0.0,
          1.0
        ]
      ]
    },
    {
      "file_path": "./images/0074.jpg",
      "sharpness": 37.591665949642305,
      "transform_matrix": [
        [
          -0.9605994833520419,
          0.12016099738583262,
          0.2506191679884615,
          0.6659326850268775
        ],
        [
          0.06795674300034299,
          -0.7728029753103145,
          0.6309971810023469,
          2.553685722514723
        ],
        [
          0.2695004893081694,
          0.6231668284574013,
          0.7341883887979953,
          2.982471327409097
        ],
        [
          0.0,
          0.0,
          0.0,
          1.0
        ]
      ]
    },
    {
      "file_path": "./images/0077.jpg",
      "sharpness": 41.59558743431305,
      "transform_matrix": [
        [
          -0.9631944011352982,
          0.1990858880736542,
          0.18061382799701606,
          0.39672201648106686
        ],
        [
          -0.039088947305490174,
          -0.7685062851755985,
          0.6386471199690392,
          2.4497075256279404
        ],
        [
          0.2659484910500489,
          0.6080813258501434,
          0.748003008906601,
          3.036743442729167
        ],
        [
          0.0,
          0.0,
          0.0,
          1.0
        ]
      ]
    },
    {
      "file_path": "./images/0078.jpg",
      "sharpness": 42.3781274023465,
      "transform_matrix": [
        [
          -0.960362499089343,
          0.23892119084164748,
          0.14359852012426058,
          0.26107578178534036
        ],
        [
          -0.09410502652818566,
          -0.7627830437737623,
          0.6397704839346384,
          2.414737513592966
        ],
        [
          0.26238924214879217,
          0.6008982382493663,
          0.7550319151838454,
          3.0783083424363284
        ],
        [
          0.0,
          0.0,
          0.0,
          1.0
        ]
      ]
    },
    {
      "file_path": "./images/0082.jpg",
      "sharpness": 50.28836348967274,
      "transform_matrix": [
        [
          -0.9354728529116697,
          0.35242859517187847,
          0.02616537488121753,
          -0.13289959887048802
        ],
        [
          -0.2575660192724216,
          -0.730620150858574,
          0.6323400516147547,
          2.286669591501322
        ],
        [
          0.24197166620448737,
          0.5847976406434414,
          0.7742489472546175,
          3.169351904280222
        ],
        [
          0.0,
          0.0,
          0.0,
          1.0
        ]
      ]
    },
    {
      "file_path": "./images/0079.jpg",
      "sharpness": 45.85721667734514,
      "transform_matrix": [
        [
          -0.9582474758348494,
          0.25708976945431555,
          0.1251663915364801,
          0.1950359866574044
        ],
        [
          -0.12031564805339348,
          -0.7596215904772241,
          0.6391394089828457,
          2.394564197008319
        ],
        [
          0.25939529671780337,
          0.5973942498521735,
          0.7588373938842475,
          3.09501889369421
        ],
        [
          0.0,
          0.0,
          0.0,
          1.0
        ]
      ]
    },
    {
      "file_path": "./images/0083.jpg",
      "sharpness": 45.781942374262314,
      "transform_matrix": [
        [
          -0.9284880847050027,
          0.37131737103662915,
          0.0057694540017752685,
          -0.19964202840364614
        ],
        [
          -0.2853009578070696,
          -0.7231749900117046,
          0.6289843378785653,
          2.260478539621342
        ],
        [
          0.2377251356043905,
          0.5823584324335833,
          0.7773965629896809,
          3.1815805073794734
        ],
        [
          0.0,
          0.0,
          0.0,
          1.0
        ]
      ]
    },
    {
      "file_path": "./images/0086.jpg",
      "sharpness": 53.082386349100446,
      "transform_matrix": [
        [
          -0.8825967282225143,
          0.4615286847712479,
          -0.08952255881302915,
          -0.5004537803202836
        ],
        [
          -0.4164795040257228,
          -0.6792296628565454,
          0.6043110853053,
          2.1064986926556433
        ],
        [
          0.21810052295301166,
          0.5706472976126185,
          0.791703115876042,
          3.246422880380826
        ],
        [
          0.0,
          0.0,
          0.0,
          1.0
        ]
      ]
    },
    {
      "file_path": "./images/0087.jpg",
      "sharpness": 49.13702850039702,
      "transform_matrix": [
        [
          -0.8710879258753189,
          0.4790823962470664,
          -0.1081012630481267,
          -0.5575753472993429
        ],
        [
          -0.44207382927757316,
          -0.6689671347560213,
          0.5975397075381511,
          2.076208836555221
        ],
        [
          0.21395456273533667,
          0.5682983637729808,
          0.7945189833417945,
          3.265038742673939
        ],
        [
          0.0,
          0.0,
          0.0,
          1.0
        ]
      ]
    },
    {
      "file_path": "./images/0089.jpg",
      "sharpness": 53.978656156002586,
      "transform_matrix": [
        [
          -0.8322265941417532,
          0.5293562109301775,
          -0.16486630348576561,
          -0.7515626182654146
        ],
        [
          -0.5171250662681866,
          -0.6338710495101457,
          0.5751427287470717,
          2.0028272494919594
        ],
        [
          0.19995139881421262,
          0.5639055724060373,
          0.8012677103156312,
          3.3480490173136235
        ],
        [
          0.0,
          0.0,
          0.0,
          1.0
        ]
      ]
    },
    {
      "file_path": "./images/0093.jpg",
      "sharpness": 66.13051443128529,
      "transform_matrix": [
        [
          -0.7339440312461334,
          0.6203115658393633,
          -0.27665812902621995,
          -1.2040385439264754
        ],
        [
          -0.6584090895653549,
          -0.5497385904655966,
          0.5140865228064405,
          1.7908865308795916
        ],
        [
          0.16680416604725348,
          0.5594649618108746,
          0.8118961305290425,
          3.476816453129336
        ],
        [
          0.0,
          0.0,
          0.0,
          1.0
        ]
      ]
    },
    {
      "file_path": "./images/0094.jpg",
      "sharpness": 69.69076275281753,
      "transform_matrix": [
        [
          -0.697238392026756,
          0.6466297041529183,
          -0.30940046939726834,
          -1.3202319999223266
        ],
        [
          -0.6996851953284882,
          -0.5200391249197817,
          0.48989788322812833,
          1.6915435890822186
        ],
        [
          0.15588217394182044,
          0.5580585402242456,
          0.8150284741055074,
          3.4967272666789375
        ],
        [
          0.0,
          0.0,
          0.0,
          1.0
        ]
      ]
    },
    {
      "file_path": "./images/0097.jpg",
      "sharpness": 69.83558545816183,
      "transform_matrix": [
        [
          -0.6126682094406031,
          0.6956194369964698,
          -0.37516831434138415,
          -1.5308980082326888
        ],
        [
          -0.7797043085786717,
          -0.4543700767576206,
          0.4308236582776373,
          1.4128699348438163
        ],
        [
          0.12922405483152782,
          0.5564723104357857,
          0.8207555735076989,
          3.5365319153878096
        ],
        [
          0.0,
          0.0,
          0.0,
          1.0
        ]
      ]
    },
    {
      "file_path": "./images/0098.jpg",
      "sharpness": 70.60111438383444,
      "transform_matrix": [
        [
          -0.5648299781812266,
          0.7183495201004003,
          -0.40612936706364405,
          -1.6178217677968132
        ],
        [
          -0.8170903983775432,
          -0.41799383016287217,
          0.3970446307729107,
          1.248611363772762
        ],
        [
          0.11545725029360542,
          0.5561071164632893,
          0.8230519415239359,
          3.559414620213336
        ],
        [
          0.0,
          0.0,
          0.0,
          1.0
        ]
      ]
    },
    {
      "file_path": "./images/0099.jpg",
      "sharpness": 65.69776495735854,
      "transform_matrix": [
        [
          -0.5415218123058045,
          0.7280584673656826,
          -0.42033914279587076,
          -1.6543905635092382
        ],
        [
          -0.8337203772577332,
          -0.400853254225789,
          0.37977230167880305,
          1.1710372091127876
        ],
        [
          0.1080021266400036,
          0.5561002937766177,
          0.8240679607748326,
          3.569036356165426
        ],
        [
          0.0,
          0.0,
          0.0,
          1.0
        ]
      ]
    },
    {
      "file_path": "./images/0102.jpg",
      "sharpness": 48.959182572968146,
      "transform_matrix": [
        [
          -0.41117387064111655,
          0.7721907739505803,
          -0.48441455056573524,
          -1.7855246630394286
        ],
        [
          -0.9087689924002215,
          -0.3057146070214231,
          0.2840378452006372,
          0.827458834402435
        ],
        [
          0.07123879955507213,
          0.5570098632413375,
          0.8274448898643424,
          3.581810933722578
        ],
        [
          0.0,
          0.0,
          0.0,
          1.0
        ]
      ]
    },
    {
      "file_path": "./images/0103.jpg",
      "sharpness": 54.379392460299506,
      "transform_matrix": [
        [
          -0.38373877095610043,
          0.778269526720875,
          -0.4970322922255284,
          -1.81891503568885
        ],
        [
          -0.921272188448297,
          -0.28577911467749684,
          0.26379509549350827,
          0.7691143491158327
        ],
        [
          0.06326223568268244,
          0.5591304333170124,
          0.8266625963160266,
          3.5849203537055434
        ],
        [
          0.0,
          0.0,
          0.0,
          1.0
        ]
      ]
    },
    {
      "file_path": "./images/0105.jpg",
      "sharpness": 36.01737011515422,
      "transform_matrix": [
        [
          -0.2969572178758474,
          0.7947285693113855,
          -0.5293608522963437,
          -1.897155080772347
        ],
        [
          -0.9540492324665085,
          -0.22366209065890671,
          0.19941246508869417,
          0.6060851067434693
        ],
        [
          0.040080828145213604,
          0.5642532856736474,
          0.8246282537570988,
          3.5641014108421905
        ],
        [
          0.0,
          0.0,
          0.0,
          1.0
        ]
      ]
    },
    {
      "file_path": "./images/0107.jpg",
      "sharpness": 31.693668752041415,
      "transform_matrix": [
        [
          -0.20824793874397649,
          0.806317735247052,
          -0.5536104279248604,
          -1.9486340645627211
        ],
        [
          -0.977916996068061,
          -0.16144194758644795,
          0.13272093414873332,
          0.5139986293121049
        ],
        [
          0.017639297354323475,
          0.5690239076328822,
          0.8221317703408902,
          3.4853509926988275
        ],
        [
          0.0,
          0.0,
          0.0,
          1.0
        ]
      ]
    },
    {
      "file_path": "./images/0109.jpg",
      "sharpness": 20.264041252959327,
      "transform_matrix": [
        [
          -0.1189211340411916,
          0.811913594872324,
          -0.5715365941145442,
          -2.011367520245368
        ],
        [
          -0.9928976076841629,
          -0.09926014930565918,
          0.06558782978176736,
          0.47734365035944365
        ],
        [
          -0.0034791570074687436,
