{
  "camera_angle_x": 1.0738060242999667,
  "camera_angle_y": 0.6473095761545251,
  "fl_x": 712.3325291114811,
  "fl_y": 691.607266922284,
  "k1": 0.08952313474700778,
  "k2": -0.19453006284020546,
  "k3": 0,
  "k4": 0,
  "p1": 0.0039006420534820024,
  "p2": 0.0011078801500072441,
  "is_fisheye": false,
  "cx": 426.9486085516309,
  "cy": 231.67559745145104,
  "w": 848.0,
  "h": 464.0,
  "aabb_scale": 16,
  "frames": [
    {
      "file_path": "./images/0003.jpg",
      "sharpness": 338.8529671078951,
      "transform_matrix": [
        [
          -0.07607016546591522,
          -0.42867724834002086,
          0.9002494913814233,
          3.779204377722364
        ],
        [
          0.9958697579490955,
          0.012217298132242026,
          0.08996756542650636,
          0.843470433608942
        ],
        [
          -0.04956566481649165,
          0.9033750906643743,
          0.42597733565219476,
          1.669935444381772
        ],
        [
          0.0,
          0.0,
          0.0,
          1.0
        ]
      ]
    },
    {
      "file_path": "./images/0006.jpg",
      "sharpness": 337.417503417381,
      "transform_matrix": [
        [
          -0.07755530604611535,
          -0.4293669440091252,
          0.899793977501102,
          3.7819011378032497
        ],
        [
          0.9957722761845823,
          0.011197588682464829,
          0.09117120153803464,
          0.8649895420147066
        ],
        [
          -0.04922142304504233,
          0.9030607075113256,
          0.4266832667371377,
          1.6846502728133457
        ],
        [
          0.0,
          0.0,
          0.0,
          1.0
        ]
      ]
    },
    {
      "file_path": "./images/0012.jpg",
      "sharpness": 341.7195529413484,
      "transform_matrix": [
        [
          -0.08653189112135605,
          -0.4302993582060486,
          0.8985291838317326,
          3.7716073698244816
        ],
        [
          0.9951416095618233,
          0.005181611243287832,
          0.09831748483175345,
          0.9116730308407859
        ],
        [
          -0.046961779544901175,
          0.9026713761293687,
          0.42776042129864933,
          1.7396058568741735
        ],
        [
          0.0,
          0.0,
          0.0,
          1.0
        ]
      ]
    },
    {
      "file_path": "./images/0009.jpg",
      "sharpness": 341.9065048875419,
      "transform_matrix": [
        [
          -0.08063343423077303,
          -0.42956594805534143,
          0.8994283437864091,
          3.773907319418797
        ],
        [
          0.99553663164032,
          0.00968949543595877,
          0.09387720032285461,
          0.8909072592522492
        ],
        [
          -0.0490414553895586,
          0.9029835048329554,
          0.4268673397014305,
          1.7104345207770804
        ],
        [
          0.0,
          0.0,
          0.0,
          1.0
        ]
      ]
    },
    {
      "file_path": "./images/0015.jpg",
      "sharpness": 340.17340637660567,
      "transform_matrix": [
        [
          -0.09783252895056617,
          -0.4295497753636689,
          0.8977281252222485,
          3.759981410962588
        ],
        [
          0.994274898417474,
          -0.003241063749402003,
          0.10680319228707065,
          0.9560776780417184
        ],
        [
          -0.042967693171557485,
          0.9030373669132982,
          0.42740764072805465,
          1.7244226434151513
        ],
        [
          0.0,
          0.0,
          0.0,
          1.0
        ]
      ]
    },
    {
      "file_path": "./images/0018.jpg",
      "sharpness": 308.63384692365213,
      "transform_matrix": [
        [
          -0.11757137795029536,
          -0.4288466053542788,
          0.8956938987253825,
          3.6781780772575328
        ],
        [
          0.9924057594621476,
          -0.017893333840922274,
          0.1216989613366942,
          1.0428462396449325
        ],
        [
          -0.03616323649521243,
          0.90320009838965,
          0.42769358499517884,
          1.7084642471104607
        ],
        [
          0.0,
          0.0,
          0.0,
          1.0
        ]
      ]
    },
    {
      "file_path": "./images/0021.jpg",
      "sharpness": 310.256077749274,
      "transform_matrix": [
        [
          -0.14880208912875592,
          -0.42603180291289794,
          0.8923871588209898,
          3.5592195866106158
        ],
        [
          0.9884400980567247,
          -0.03756633864891798,
          0.14688411334838722,
          1.121774671141282
        ],
        [
          -0.02905358541486081,
          0.9039279136956462,
          0.42669686671838547,
          1.6845902957155316
        ],
        [
          0.0,
          0.0,
          0.0,
          1.0
        ]
      ]
    },
    {
      "file_path": "./images/0024.jpg",
      "sharpness": 292.55918747009093,
      "transform_matrix": [
        [
          -0.19551983637962417,
          -0.4205361533513638,
          0.8859578643239295,
          3.4448930317188933
        ],
        [
          0.9804758458615187,
          -0.06451906890451123,
          0.18575361485001887,
          1.1965984890300567
        ],
        [
          -0.020954934165328464,
          0.9049788028030687,
          0.4249402984681035,
          1.7039575801161149
        ],
        [
          0.0,
          0.0,
          0.0,
          1.0
        ]
      ]
    },
    {
      "file_path": "./images/0027.jpg",
      "sharpness": 273.1770290252229,
      "transform_matrix": [
        [
          -0.26005148364408204,
          -0.41209427608521776,
          0.8732419673396414,
          3.2984501407726627
        ],
        [
          0.9655012298178121,
          -0.09838691639190118,
          0.24109622540222425,
          1.2817733643153684
        ],
        [
          -0.01343879004346349,
          0.9058136245117862,
          0.4234631939400389,
          1.6656550191813175
        ],
        [
          0.0,
          0.0,
          0.0,
          1.0
        ]
      ]
    },
    {
      "file_path": "./images/0030.jpg",
      "sharpness": 294.8286411215421,
      "transform_matrix": [
        [
          -0.3294200788026363,
          -0.3994776462680417,
          0.8555115556581954,
          3.0820877372259927
        ],
        [
          0.9441828943380685,
          -0.13838092944607788,
          0.29894711974702504,
          1.4120119737837153
        ],
        [
          -0.0010362075313108464,
          0.9062385605059048,
          0.42276541695962777,
          1.6149819354098047
        ],
        [
          0.0,
          0.0,
          0.0,
          1.0
        ]
      ]
    },
    {
      "file_path": "./images/0033.jpg",
      "sharpness": 256.52379831714575,
      "transform_matrix": [
        [
          -0.40743804077830725,
          -0.3811639809161458,
          0.8298844875220801,
          2.7835746783296793
        ],
        [
          0.9131398858453449,
          -0.1830048735449537,
          0.3642592004838873,
          1.5821190638428586
        ],
        [
          0.013030418754126031,
          0.9062136811813626,
          0.4226191811521643,
          1.6403784915744295
        ],
        [
          0.0,
          0.0,
          0.0,
          1.0
        ]
      ]
    },
    {
      "file_path": "./images/0036.jpg",
      "sharpness": 208.29087706893336,
      "transform_matrix": [
        [
          -0.4949598816892014,
          -0.35502909927348886,
          0.7930756926284919,
          2.4029893308446817
        ],
        [
          0.8684500602164315,
          -0.23200716686734016,
          0.4381405795315948,
          1.7861634167098819
        ],
        [
          0.028446589251823372,
          0.9056086424275984,
          0.4231592825063522,
          1.7065215338935547
        ],
        [
          0.0,
          0.0,
          0.0,
          1.0
        ]
      ]
    },
    {
      "file_path": "./images/0039.jpg",
      "sharpness": 268.9811878184508,
      "transform_matrix": [
        [
          -0.588907341176726,
          -0.3212095848097754,
          0.7416283072977904,
          2.064310063380193
        ],
        [
          0.8070421491920396,
          -0.2828318350145046,
          0.5183523150617121,
          1.9807712104923636
        ],
        [
          0.043256363145576696,
          0.9037867866790568,
          0.42579141762449035,
          1.7015150109080035
        ],
        [
          0.0,
          0.0,
          0.0,
          1.0
        ]
      ]
    },
    {
      "file_path": "./images/0042.jpg",
      "sharpness": 266.52599157943695,
      "transform_matrix": [
        [
          -0.6922198687774667,
          -0.2772485010884208,
          0.6663069277478852,
          1.8367763608910925
        ],
        [
          0.7197475544159078,
          -0.33284956603705546,
          0.609241023160193,
          2.223000014663843
        ],
        [
          0.052868811275627946,
          0.901301522842716,
          0.4299540135486742,
          1.7522933605740822
        ],
        [
          0.0,
          0.0,
          0.0,
          1.0
        ]
      ]
    },
    {
      "file_path": "./images/0045.jpg",
      "sharpness": 254.1677772260699,
      "transform_matrix": [
        [
          -0.781570176609842,
          -0.2238723438074163,
          0.5822621684113861,
          1.653717948380815
        ],
        [
          0.6201035694199367,
          -0.380512779173321,
          0.6860623791452669,
          2.489925026112205
        ],
        [
          0.06796780309235777,
          0.8972687438040277,
          0.4362214795101804,
          1.7782745229137569
        ],
        [
          0.0,
          0.0,
          0.0,
          1.0
        ]
      ]
    },
    {
      "file_path": "./images/0048.jpg",
      "sharpness": 236.654780892414,
      "transform_matrix": [
        [
          -0.8574730536861672,
          -0.16232838337794409,
          0.48825142928917065,
          1.3832437582584949
        ],
        [
          0.5075408632624441,
          -0.42271183432992404,
          0.7508108798067983,
          2.674489084782171
        ],
        [
          0.08451174094742298,
          0.891607649759281,
          0.4448522952438,
          1.7948326086070008
        ],
        [
          0.0,
          0.0,
          0.0,
          1.0
        ]
      ]
    },
    {
      "file_path": "./images/0051.jpg",
      "sharpness": 222.0017464162828,
      "transform_matrix": [
        [
          -0.9184374415821007,
          -0.09437441932920748,
          0.3841433780859638,
          1.0469363944113976
        ],
        [
          0.38252174128272015,
          -0.45922907126282153,
          0.801739220415926,
          2.7263437941359725
        ],
        [
          0.10074613336997544,
          0.8832905123024999,
          0.45787344052510415,
          1.833145313534441
        ],
        [
          0.0,
          0.0,
          0.0,
          1.0
        ]
      ]
    },
    {
      "file_path": "./images/0057.jpg",
      "sharpness": 182.74639711245214,
      "transform_matrix": [
        [
          -0.9848533243433585,
          0.04861218813494237,
          0.16643552729349462,
          0.45857366893869556
        ],
        [
          0.1196412765030001,
          -0.5042418729663277,
          0.8552345283629265,
          2.75008967462064
        ],
        [
          0.12549858380288742,
          0.862193127292296,
          0.4907882606219409,
          1.8273531084016923
        ],
        [
          0.0,
          0.0,
          0.0,
          1.0
        ]
      ]
    },
    {
      "file_path": "./images/0054.jpg",
      "sharpness": 205.05635671662245,
      "transform_matrix": [
        [
          -0.9613891377827974,
          -0.022734442664035882,
          0.27425183850049284,
          0.7295168605417311
        ],
        [
          0.25035638217006123,
          -0.48599270608895484,
          0.8373367133567402,
          2.7409124599815473
        ],
        [
          0.11424800964242443,
          0.873667118978389,
          0.47291982149160944,
          1.8358330749255172
        ],
        [
          0.0,
          0.0,
          0.0,
          1.0
        ]
      ]
    },
    {
      "file_path": "./images/0060.jpg",
      "sharpness": 139.62700890580362,
      "transform_matrix": [
        [
          -0.9908849160386547,
          0.11820984712659366,
          0.06460274963398276,
          0.1461366414786876
        ],
        [
          -0.00520599333522958,
          -0.5128095335432336,
          0.858486621876299,
          2.794442336247633
        ],
        [
          0.13461047823763606,
          0.8503251227541725,
          0.5087506312651081,
          1.9191646081834817
        ],
        [
          0.0,
          0.0,
          0.0,
          1.0
        ]
      ]
    },
    {
      "file_path": "./images/0063.jpg",
      "sharpness": 116.25954315810796,
      "transform_matrix": [
        [
          -0.982295966969421,
          0.185258396326993,
          -0.02782013509771907,
          -0.19515609334510442
        ],
        [
          -0.12084398145138592,
          -0.5131444808065245,
          0.8497525957387796,
          2.8475546809814194
        ],
        [
          0.14314805438057945,
          0.8380704436057244,
          0.5264471161783195,
          2.0922675505712274
        ],
        [
          0.0,
          0.0,
          0.0,
          1.0
        ]
      ]
    },
    {
      "file_path": "./images/0066.jpg",
      "sharpness": 104.14615674620117,
      "transform_matrix": [
        [
          -0.9630294887572828,
          0.2469878483667956,
          -0.10756954305900075,
          -0.5199033233826665
        ],
        [
          -0.2229499702690128,
          -0.5065634919761729,
          0.8328785862020748,
          2.8643664974832888
        ],
        [
          0.1512200865945804,
          0.8260692654939282,
          0.5429015141511022,
          2.217468939438178
        ],
        [
          0.0,
          0.0,
          0.0,
          1.0
        ]
      ]
    },
    {
      "file_path": "./images/0069.jpg",
      "sharpness": 82.6535504305634,
      "transform_matrix": [
        [
          -0.936261014311196,
          0.30353463226843336,
          -0.17686729529659312,
          -0.7508194125561368
        ],
        [
          -0.31331210580254,
          -0.4937337860571232,
          0.8112104984917855,
          2.773510323418092
        ],
        [
          0.1589051210155264,
          0.8149194288747857,
          0.5573647701535719,
          2.2754880936851873
        ],
        [
          0.0,
          0.0,
          0.0,
          1.0
        ]
      ]
    },
    {
      "file_path": "./images/0075.jpg",
      "sharpness": 44.12403670904211,
      "transform_matrix": [
        [
          -0.8680414975284599,
          0.3984777587364596,
          -0.29617466875445525,
          -1.000034834378701
        ],
        [
          -0.46805625683293345,
          -0.4577954039301909,
          0.7558747968942677,
          2.341251656899901
        ],
        [
          0.16561189283546793,
          0.7947570974660655,
          0.5838954161745735,
          2.278086800098295
        ],
        [
          0.0,
          0.0,
          0.0,
          1.0
        ]
      ]
    },
    {
      "file_path": "./images/0072.jpg",
      "sharpness": 77.03777901178579,
      "transform_matrix": [
        [
          -0.904171704955849,
          0.3531785285299958,
          -0.2402882747732697,
          -0.8825997262843785
        ],
        [
          -0.39504148418518664,
          -0.47730934124725233,
          0.7849318559791627,
          2.5864093557284695
        ],
        [
          0.16252923974957123,
          0.8046370111935693,
          0.5710897709597114,
          2.2729281227870373
        ],
        [
          0.0,
          0.0,
          0.0,
          1.0
        ]
      ]
    },
    {
      "file_path": "./images/0078.jpg",
      "sharpness": 38.31239434211144,
      "transform_matrix": [
        [
          -0.8309243480403061,
          0.4372692751170608,
          -0.34403533092298366,
          -1.1284964034810991
        ],
        [
          -0.5306203317605189,
          -0.4368044840244669,
          0.7263910147148642,
          2.1201509464608983
        ],
        [
          0.16735229724591422,
          0.7861281217559791,
          0.5949754489404094,
          2.3426396381205166
        ],
        [
          0.0,
          0.0,
          0.0,
          1.0
        ]
      ]
    },
    {
      "file_path": "./images/0081.jpg",
      "sharpness": 28.275695650742705,
      "transform_matrix": [
        [
          -0.7960445975390755,
          0.46983443228376764,
          -0.38153453974749957,
          -1.266546989358145
        ],
        [
          -0.5808904927314088,
          -0.4160944373245629,
          0.6995939212727846,
          1.9695719136395133
        ],
        [
          0.16993891319425172,
          0.7785377482883538,
          0.6041520837697791,
          2.4752495849266505
        ],
        [
          0.0,
          0.0,
          0.0,
          1.0
        ]
      ]
    },
    {
      "file_path": "./images/0084.jpg",
      "sharpness": 37.761792385629654,
      "transform_matrix": [
        [
          -0.7631723696245034,
          0.4968561591531375,
          -0.41316085415272213,
          -1.4251154322446313
        ],
        [
          -0.6233259735330245,
          -0.3974411176260998,
          0.6734280130342352,
          1.82053705480318
        ],
        [
          0.17038974438850715,
          0.7714755441193405,
          0.613019428634931,
          2.5145587965132337
        ],
        [
          0.0,
          0.0,
          0.0,
          1.0
        ]
      ]
    },
    {
      "file_path": "./images/0087.jpg",
      "sharpness": 38.09591227954125,
      "transform_matrix": [
        [
          -0.7349227275331588,
          0.5196386113746237,
          -0.43573420588102807,
          -1.527815688440694
        ],
        [
          -0.6560127514847159,
          -0.3819233907247146,
          0.6509852483019902,
          1.743620956009648
        ],
        [
          0.17185998508818773,
          0.7642710495819703,
          0.6215737352456837,
          2.5234000987515657
        ],
        [
          0.0,
          0.0,
          0.0,
          1.0
        ]
      ]
    },
    {
      "file_path": "./images/0090.jpg",
      "sharpness": 42.009388215266526,
      "transform_matrix": [
        [
          -0.7096227276207773,
          0.5397674971005874,
          -0.4528649175733422,
          -1.636556916766863
        ],
        [
          -0.6828937316111523,
          -0.36865069349996743,
          0.6306764761018145,
          1.6670909031339414
        ],
        [
          0.1734696970604765,
          0.7568009746950668,
          0.6302067509581704,
          2.526484861135066
        ],
        [
          0.0,
          0.0,
          0.0,
          1.0
        ]
      ]
    },
    {
      "file_path": "./images/0093.jpg",
      "sharpness": 30.264477224037737,
      "transform_matrix": [
        [
          -0.6850043055780565,
          0.5580670764241019,
          -0.4683270647761832,
          -1.6915381250896004
        ],
        [
          -0.7082928103964818,
          -0.359643351893272,
          0.6074355555774127,
          1.6582424146849184
        ],
        [
          0.1705590692586928,
          0.7478086638267846,
          0.6416321424695908,
          2.4834344503708707
        ],
        [
          0.0,
          0.0,
          0.0,
          1.0
        ]
      ]
    },
    {
      "file_path": "./images/0096.jpg",
      "sharpness": 37.184620080051424,
      "transform_matrix": [
        [
          -0.6659943998508198,
          0.5748970215805609,
          -0.47533659021375774,
          -1.6758180729781291
        ],
        [
          -0.7263172642815452,
          -0.35450223860443414,
          0.5888899680169732,
          1.6791217020180216
        ],
        [
          0.17004320333025394,
          0.7374425926446069,
          0.6536541376031337,
          2.2798186075102223
        ],
        [
          0.0,
          0.0,
          0.0,
          1.0
        ]
      ]
    },
    {
      "file_path": "./images/0099.jpg",
      "sharpness": 26.1788583416877,
      "transform_matrix": [
        [
          -0.6469261462948452,
          0.5926442687696601,
          -0.4798534484459503,
          -1.668194161764739
        ],
        [
          -0.7433367225941975,
          -0.3497341781058533,
          0.5702074372608227,
          1.6633102442890615
        ],
        [
          0.17010901829895828,
          0.7255747896691404,
          0.6667864324810889,
          2.4025747014255776
        ],
        [
          0.0,
          0.0,
          0.0,
          1.0
        ]
      ]
    },
    {
      "file_path": "./images/0102.jpg",
      "sharpness": 37.47146951044368,
      "transform_matrix": [
        [
          -0.6305865072243507,
          0.6046574815654139,
          -0.48656961161221274,
          -1.7211336327891027
        ],
        [
          -0.7582199650455416,
          -0.34608247672051207,
          0.5525661986706646,
          1.5448264536776435
        ],
        [
          0.165720069802686,
          0.7173675831388063,
          0.6766983147437937,
          2.5654696797247207
        ],
        [
          0.0,
          0.0,
          0.0,
          1.0
        ]
      ]
    },
    {
      "file_path": "./images/0105.jpg",
      "sharpness": 42.19368426156646,
      "transform_matrix": [
        [
          -0.6157621777787885,
          0.6159059410338826,
          -0.49142325165501316,
          -1.7319461992709273
        ],
        [
          -0.770804633306266,
          -0.3415291796576665,
          0.5377899559455988,
          1.505083098479596
        ],
        [
          0.1633926488928047,
          0.7099420337507358,
          0.6850439044707806,
          2.669606099483823
        ],
        [
          0.0,
          0.0,
          0.0,
          1.0
        ]
      ]
    },
    {
      "file_path": "./images/0108.jpg",
      "sharpness": 48.01029195830934,
      "transform_matrix": [
        [
          -0.6022207502613394,
          0.6259174019232283,
          -0.49553766151044526,
          -1.7933271113840448
        ],
        [
          -0.7818348964848448,
          -0.33687925214861975,
          0.5246394610685836,
          1.4771148120751163
        ],
        [
          0.16144461159733595,
          0.703377406152788,
          0.6922397431171311,
          2.7657761491462693
        ],
        [
          0.0,
          0.0,
          0.0,
          1.0
        ]
      ]
    },
    {
      "file_path": "./images/0111.jpg",
      "sharpness": 48.87191015437057,
      "transform_matrix": [
        [
          -0.589330966435039,
          0.6345309660242155,
          -0.5000594616723234,
          -1.862306644623824
        ],
        [
          -0.7921460763937344,
          -0.33224111701769393,
          0.5119769856320318,
          1.46341599998323
        ],
        [
          0.15872493715397964,
          0.6978440322623175,
          0.6984411936679029,
          2.7643809651818665
        ],
        [
          0.0,
          0.0,
          0.0,
          1.0
        ]
      ]
    },
    {
      "file_path": "./images/0114.jpg",
      "sharpness": 38.73666475297245,
      "transform_matrix": [
        [
          -0.5761363116439266,
          0.6429988336295112,
          -0.5045983059893442,
          -1.9557445428197973
        ],
        [
          -0.802056393256027,
          -0.3258739913441758,
          0.5005114222498471,
          1.3739569809258543
        ],
        [
          0.1573927967266422,
          0.6930791020955972,
          0.7034691648024359,
          2.8395389586601905
        ],
        [
          0.0,
          0.0,
          0.0,
          1.0
        ]
      ]
    },
    {
      "file_path": "./images/0117.jpg",
      "sharpness": 44.676623897164525,
      "transform_matrix": [
        [
          -0.5610841690521359,
          0.6517550068757777,
          -0.5102939998690204,
          -2.1234260275104604
        ],
        [
          -0.8131299656063941,
          -0.31858814376936206,
          0.4871562928697019,
          1.1934028868055468
        ],
        [
          0.15493293481395662,
          0.688271026345962,
          0.7087162902413914,
          2.837583446332269
        ],
        [
          0.0,
          0.0,
          0.0,
          1.0
        ]
      ]
    },
    {
      "file_path": "./images/0120.jpg",
      "sharpness": 64.41694249473856,
      "transform_matrix": [
        [
          -0.543284065600189,
          0.6617399451126277,
          -0.5166649486448264,
          -2.316802958988224
        ],
        [
          -0.8251066697452711,
          -0.30719770376962274,
          0.47416089499299074,
          1.125965243983639
        ],
        [
          0.1550529187852754,
          0.6839077539308606,
          0.7129016597963019,
          2.7172210913100137
        ],
        [
          0.0,
          0.0,
          0.0,
          1.0
        ]
      ]
    },
    {
      "file_path": "./images/0123.jpg",
      "sharpness": 79.33677208873367,
      "transform_matrix": [
        [
          -0.5205054893588262,
          0.6733230043154921,
          -0.5250811055996811,
          -2.41471183843808
        ],
        [
          -0.839488381839611,
          -0.29119948991052885,
          0.4587614999454222,
          1.0591123645104459
        ],
        [
          0.1559913212952495,
          0.6795873667025117,
          0.7168177723451182,
          2.8048931684081624
        ],
        [
          0.0,
          0.0,
          0.0,
          1.0
        ]
      ]
    },
    {
      "file_path": "./images/0126.jpg",
      "sharpness": 86.5454555710688,
      "transform_matrix": [
        [
          -0.48731124261010633,
          0.6881094474874235,
          -0.5376180253258274,
          -2.4863844404609377
        ],
        [
          -0.8594473228471514,
          -0.2689965045115652,
          0.4347311580867407,
          0.9998541621540862
        ],
        [
          0.15452524742157725,
          0.6739037534292347,
          0.7224788433402044,
          2.8652060029898676
        ],
        [
          0.0,
          0.0,
          0.0,
          1.0
        ]
      ]
    },
    {
      "file_path": "./images/0129.jpg",
      "sharpness": 94.1530678517212,
      "transform_matrix": [
        [
          -0.4431384766028939,
          0.7048823394108672,
          -0.5538674734912894,
          -2.5105709724354575
        ],
        [
          -0.8836672588746846,
          -0.23949271114667736,
          0.4022131485922974,
          0.8986731959472493
        ],
        [
          0.15086572227916,
          0.6676706740167392,
          0.7290098798714117,
          2.901277632736114
        ],
        [
          0.0,
          0.0,
          0.0,
          1.0
        ]
      ]
    },
    {
      "file_path": "./images/0315.jpg",
      "sharpness": 295.4701545814838,
      "transform_matrix": [
        [
          -0.6384800748554494,
          -0.46650409941415405,
          0.612141420991313,
          2.372370343346035
        ],
        [
          0.7695787719120909,
          -0.39687112674733066,
          0.5002417641267042,
          2.0812371571270956
        ],
        [
          0.00957642181425862,
          0.7904854420084572,
          0.6124059586327029,
          2.284321975269406
        ],
        [
          0.0,
          0.0,
          0.0,
          1.0
        ]
      ]
    },
    {
      "file_path": "./images/0135.jpg",
      "sharpness": 80.5224130937219,
      "transform_matrix": [
        [
          -0.32380399380707287,
          0.7412833163972412,
          -0.5879200783070703,
          -2.4212572093684632
        ],
        [
          -0.9351183780517915,
          -0.1562424464006916,
          0.3180281700927265,
          0.7243294048218754
        ],
        [
          0.14389090531129942,
          0.6527536616697699,
          0.743779580652973,
          2.9917711452094577
        ],
        [
          0.0,
          0.0,
          0.0,
          1.0
        ]
      ]
    },
    {
      "file_path": "./images/0318.jpg",
      "sharpness": 285.7652122403543,
      "transform_matrix": [
        [
          -0.639532454278868,
          -0.4661415347530216,
          0.6113185009085201,
          2.3601859088023853
        ],
        [
          0.768706527950591,
          -0.39748430736426776,
          0.5010952996040877,
          2.077959829076701
        ],
        [
          0.009408178897611053,
          0.7903912290887557,
          0.612530155339561,
          2.285648773753077
        ],
        [
          0.0,
          0.0,
          0.0,
          1.0
        ]
      ]
    },
    {
      "file_path": "./images/0132.jpg",
      "sharpness": 85.57235320502964,
      "transform_matrix": [
        [
          -0.3882180847245356,
          0.7235340996225604,
          -0.5707758977278904,
          -2.447776612368398
        ],
        [
          -0.9096792417992842,
          -0.2017011440443541,
          0.36304314554979983,
          0.798823680531388
        ],
        [
          0.14754794387485787,
          0.6601629005201273,
          0.7364879829882255,
          2.972436088745513
        ],
        [
          0.0,
          0.0,
          0.0,
          1.0
        ]
      ]
    },
    {
      "file_path": "./images/0312.jpg",
      "sharpness": 300.0625961674871,
      "transform_matrix": [
        [
          -0.636725533107459,
          -0.4671865965224297,
          0.613447047078805,
          2.3740661352476744
        ],
        [
          0.7710297538349828,
          -0.3957352167636829,
          0.4989055591133272,
          2.075526136036527
        ],
        [
          0.009680610000496944,
          0.7906518337966763,
          0.6121894833749444,
          2.2854582906746854
        ],
        [
          0.0,
          0.0,
          0.0,
          1.0
        ]
      ]
    },
    {
      "file_path": "./images/0258.jpg",
      "sharpness": 260.5525222442452,
      "transform_matrix": [
        [
          -0.10882832734749992,
          -0.6794382993292203,
          0.7256169737693966,
          3.4317676004268893
        ],
        [
          0.9914530753076816,
          -0.021352932957361313,
          0.12870451319621223,
          1.276813458028081
        ],
        [
          -0.0719527249684083,
          0.7334218770323397,
          0.6759549953294895,
          2.8497402623626527
        ],
        [
          0.0,
          0.0,
          0.0,
          1.0
        ]
      ]
    },
    {
      "file_path": "./images/0138.jpg",
      "sharpness": 63.98815621844628,
      "transform_matrix": [
        [
          -0.25059328738073633,
          0.758603875153217,
          -0.6014342565676928,
          -2.395967726357232
        ],
        [
          -0.9579419842810517,
          -0.10457936590399941,
          0.26722707755542585,
          0.6386174739585133
        ],
        [
          0.13982188339462273,
          0.6431044369928159,
          0.7529053885416439,
          3.0366528005275613
        ],
        [
          0.0,
          0.0,
          0.0,
          1.0
        ]
      ]
    },
    {
      "file_path": "./images/0141.jpg",
      "sharpness": 59.49568341102657,
      "transform_matrix": [
        [
          -0.16323689509320413,
          0.773215913241278,
          -0.6127730963755526,
          -2.384757288459041
        ],
        [
          -0.9784255006391339,
          -0.04715012881183419,
          0.20114771948024412,
          0.47368574142093195
        ],
        [
          0.12663828718778353,
          0.632387552782476,
          0.7642308076457308,
          3.1916132962796535
        ],
        [
          0.0,
          0.0,
          0.0,
          1.0
        ]
      ]
    },
    {
      "file_path": "./images/0264.jpg",
      "sharpness": 284.60999150646927,
      "transform_matrix": [
        [
          -0.24514572180894403,
          -0.648191441073142,
          0.7209378827951758,
          3.2592579379570386
        ],
        [
          0.9681679289206732,
          -0.12491277665046975,
          0.21690472479625558,
          1.6032480162144271
        ],
        [
          -0.05054143340880188,
          0.7511622021902087,
          0.6581799978430292,
          2.676992776570101
        ],
        [
          0.0,
          0.0,
          0.0,
          1.0
        ]
      ]
    },
    {
      "file_path": "./images/0144.jpg",
      "sharpness": 64.84979728821301,
      "transform_matrix": [
        [
          -0.07656802886836717,
          0.7847696880280723,
          -0.615039733479415,
          -2.4351707043954347
        ],
        [
          -0.990054276640861,
          0.01317657800904644,
          0.1400675090701901,
          0.2903293026161158
        ],
        [
          0.11802485442273693,
          0.6196474115133569,
          0.7759556812049244,
          3.3051574038193166
        ],
        [
          0.0,
          0.0,
          0.0,
          1.0
        ]
      ]
    },
    {
      "file_path": "./images/0267.jpg",
      "sharpness": 280.08800560078674,
      "transform_matrix": [
        [
          -0.30896990040904915,
          -0.6279251174902581,
          0.7143162097537497,
          3.0723280230608614
        ],
        [
          0.95027055973875,
          -0.17299564613868207,
          0.25895630849793455,
          1.7055249123485137
        ],
        [
          -0.039031576184724845,
          0.7588033693200599,
          0.6501492004301557,
          2.5962836538981113
        ],
        [
          0.0,
          0.0,
          0.0,
          1.0
        ]
      ]
    },
    {
      "file_path": "./images/0147.jpg",
      "sharpness": 68.13861676932784,
      "transform_matrix": [
        [
          0.011615564116443084,
          0.7929228957684781,
          -0.6092112606372955,
          -2.4821354324288567
        ],
        [
          -0.994073674461852,
          0.07501306349281071,
          0.07868017569470463,
          0.024139561183866363
        ],
        [
          0.10808611572613853,
          0.6046869617597788,
          0.7890950956100753,
          3.338126288817278
        ],
        [
          0.0,
          0.0,
          0.0,
          1.0
        ]
      ]
    },
    {
      "file_path": "./images/0276.jpg",
      "sharpness": 289.58257188118375,
      "transform_matrix": [
        [
          -0.47409277058673477,
          -0.5586437215845308,
          0.6805536255597159,
          2.8164319030989815
        ],
        [
          0.8804081955599389,
          -0.2912656133253725,
          0.3742268719441482,
          2.005793792018263
        ],
        [
          -0.010837623310360015,
          0.7765832440088123,
          0.629921432479196,
          2.504974129370141
        ],
        [
          0.0,
          0.0,
          0.0,
          1.0
        ]
      ]
    },
    {
      "file_path": "./images/0150.jpg",
      "sharpness": 69.17215441322818,
      "transform_matrix": [
        [
          0.10337655613067148,
          0.7967560569526121,
          -0.5953932090667332,
          -2.5716447073879
        ],
        [
          -0.9901466571120527,
          0.13928426084646828,
          0.014473841587291158,
          -0.2631771049991042
        ],
        [
          0.09446102398991356,
          0.588030339727369,
          0.8033040735349237,
          3.3464987768984904
        ],
        [
          0.0,
          0.0,
          0.0,
          1.0
        ]
      ]
    },
    {
      "file_path": "./images/0270.jpg",
      "sharpness": 290.81023839615517,
      "transform_matrix": [
        [
          -0.3701251135803546,
          -0.6048191567510065,
          0.7051249449388571,
          2.9345416418016885
        ],
        [
          0.9285371406452733,
          -0.21737187464393207,
          0.30094558736771276,
          1.828229186345802
        ],
        [
          -0.02874332524011761,
          0.7661222198771632,
          0.6420518402088248,
          2.610043872573423
        ],
        [
          0.0,
          0.0,
          0.0,
          1.0
        ]
      ]
    },
    {
      "file_path": "./images/0153.jpg",
      "sharpness": 79.28363313207689,
      "transform_matrix": [
        [
          0.19571411198773903,
          0.7962930582893646,
          -0.5723751844200765,
          -2.6131075484677906
        ],
        [
          -0.9777017034491657,
          0.20374845268626746,
          -0.05085220841385583,
          -0.5036622549438248
        ],
        [
          0.07612729762297014,
          0.5695646876318724,
          0.8184135270206262,
          3.4240539639751826
        ],
        [
          0.0,
          0.0,
          0.0,
          1.0
        ]
      ]
    },
    {
      "file_path": "./images/0273.jpg",
      "sharpness": 299.4399064457961,
      "transform_matrix": [
        [
          -0.42589787721295375,
          -0.5815660916673752,
          0.6931030798222796,
          2.85767467903698
        ],
        [
          0.9045570265245663,
          -0.25702376574119984,
          0.3401696188804386,
          1.9106884820728134
        ],
        [
          -0.01968715213353154,
          0.7718287795325786,
